# Histogram: DecayTime
0 100 378145
100 200 337765
200 300 296921
300 400 263312
400 500 233098
500 600 205693
600 700 181934
700 800 160562
800 900 141695
900 1000 125255
1000 1100 110622
1100 1200 98268
1200 1300 87173
1300 1400 76632
1400 1500 67997
1500 1600 59928
1600 1700 53273
1700 1800 46887
1800 1900 40993
1900 2000 36362
2000 2100 32485
2100 2200 28306
2200 2300 25322
2300 2400 22306
2400 2500 19940
2500 2600 17498
2600 2700 15515
2700 2800 13690
2800 2900 12130
2900 3000 10453
3000 3100 9345
3100 3200 8350
3200 3300 7434
3300 3400 6408
3400 3500 5750
3500 3600 4930
3600 3700 4465
3700 3800 4055
3800 3900 3559
3900 4000 3148
4000 4100 2716
4100 4200 2422
4200 4300 2050
4300 4400 1924
4400 4500 1716
4500 4600 1554
4600 4700 1337
4700 4800 1155
4800 4900 923
4900 5000 868

# Histogram: PrimaryParticleSpectrum_nm
0 10 0
10 20 0
20 30 0
30 40 0
40 50 0
50 60 0
60 70 0
70 80 0
80 90 0
90 100 0
100 110 15054
110 120 62614
120 130 52735
130 140 45095
140 150 39825
150 160 34499
160 170 30307
170 180 26939
180 190 24173
190 200 21609
200 210 19552
210 220 17947
220 230 16023
230 240 14824
240 250 13887
250 260 12613
260 270 70105
270 280 65437
280 290 196930
290 300 184166
300 310 511952
310 320 480550
320 330 597196
330 340 563448
340 350 331470
350 360 312724
360 370 295576
370 380 280187
380 390 109735
390 400 102786
400 410 35544
410 420 33258
420 430 32075
430 440 30372
440 450 29440
450 460 27857
460 470 7843
470 480 7332
480 490 7026
490 500 6750
500 510 6556
510 520 6150
520 530 5934
530 540 5792
540 550 5535
550 560 5435
560 570 5113
570 580 4845
580 590 5002
590 600 4701
600 610 4531
610 620 4355
620 630 4220
630 640 4237
640 650 4000
650 660 3790
660 670 3697
670 680 3602
680 690 3508
690 700 3390
700 710 3401
710 720 3248
720 730 3139
730 740 3083
740 750 2965
750 760 2881
760 770 2714
770 780 2666
780 790 2697
790 800 2613

# Histogram: TotalEnergy
0 200 0
200 400 23
400 600 46
600 800 29
800 1000 32
1000 1200 41
1200 1400 30
1400 1600 30
1600 1800 32
1800 2000 41
2000 2200 30
2200 2400 40
2400 2600 33
2600 2800 36
2800 3000 32
3000 3200 33
3200 3400 43
3400 3600 34
3600 3800 29
3800 4000 38
4000 4200 38
4200 4400 31
4400 4600 34
4600 4800 38
4800 5000 31
5000 5200 35
5200 5400 32
5400 5600 31
5600 5800 35
5800 6000 31
6000 6200 34
6200 6400 38
6400 6600 37
6600 6800 27
6800 7000 38
7000 7200 34
7200 7400 30
7400 7600 37
7600 7800 38
7800 8000 32
8000 8200 44
8200 8400 32
8400 8600 34
8600 8800 38
8800 9000 35
9000 9200 37
9200 9400 35
9400 9600 33
9600 9800 41
9800 10000 30

# Histogram: TotalEnergyTime
0 200 0
200 400 23
400 600 46
600 800 29
800 1000 32
1000 1200 41
1200 1400 30
1400 1600 30
1600 1800 32
1800 2000 41
2000 2200 30
2200 2400 40
2400 2600 33
2600 2800 36
2800 3000 32
3000 3200 33
3200 3400 43
3400 3600 34
3600 3800 29
3800 4000 38
4000 4200 38
4200 4400 31
4400 4600 34
4600 4800 38
4800 5000 31
5000 5200 35
5200 5400 32
5400 5600 31
5600 5800 35
5800 6000 31
6000 6200 34
6200 6400 38
6400 6600 37
6600 6800 27
6800 7000 38
7000 7200 34
7200 7400 30
7400 7600 37
7600 7800 38
7800 8000 32
8000 8200 44
8200 8400 32
8400 8600 34
8600 8800 38
8800 9000 35
9000 9200 37
9200 9400 35
9400 9600 33
9600 9800 41
9800 10000 30

# Histogram: Yield
50000 50100 0
50100 50200 0
50200 50300 0
50300 50400 0
50400 50500 0
50500 50600 1
50600 50700 0
50700 50800 8
50800 50900 9
50900 51000 15
51000 51100 14
51100 51200 19
51200 51300 11
51300 51400 11
51400 51500 9
51500 51600 2
51600 51700 0
51700 51800 1
51800 51900 0
51900 52000 0
52000 52100 0
52100 52200 0
52200 52300 0
52300 52400 0
52400 52500 0
52500 52600 0
52600 52700 0
52700 52800 0
52800 52900 0
52900 53000 0
53000 53100 0
53100 53200 0
53200 53300 0
53300 53400 0
53400 53500 0
53500 53600 0
53600 53700 0
53700 53800 0
53800 53900 0
53900 54000 0
54000 54100 0
54100 54200 0
54200 54300 0
54300 54400 0
54400 54500 0
54500 54600 0
54600 54700 0
54700 54800 0
54800 54900 0
54900 55000 0

