# Histogram: DecayTime
0 100 3.76068e+06
100 200 3.35938e+06
200 300 2.97552e+06
300 400 2.62915e+06
400 500 2.32554e+06
500 600 2.05836e+06
600 700 1.81723e+06
700 800 1.60799e+06
800 900 1.42119e+06
900 1000 1.25485e+06
1000 1100 1.10953e+06
1100 1200 981492
1200 1300 867360
1300 1400 766522
1400 1500 678226
1500 1600 598426
1600 1700 529804
1700 1800 468249
1800 1900 412884
1900 2000 365673
2000 2100 323593
2100 2200 285914
2200 2300 251879
2300 2400 222640
2400 2500 197183
2500 2600 174506
2600 2700 153997
2700 2800 135862
2800 2900 119977
2900 3000 107008
3000 3100 94604
3100 3200 83041
3200 3300 73062
3300 3400 64825
3400 3500 57467
3500 3600 50571
3600 3700 44326
3700 3800 39320
3800 3900 35144
3900 4000 30908
4000 4100 27376
4100 4200 24014
4200 4300 21740
4300 4400 18926
4400 4500 16615
4500 4600 14534
4600 4700 12910
4700 4800 11718
4800 4900 10209
4900 5000 9050

# Histogram: PrimaryParticleSpectrum_nm
0 10 0
10 20 0
20 30 0
30 40 0
40 50 0
50 60 0
60 70 0
70 80 0
80 90 0
90 100 0
100 110 151754
110 120 625239
120 130 530193
130 140 453243
140 150 393107
150 160 343520
160 170 304727
170 180 269843
180 190 241687
190 200 217401
200 210 196200
210 220 178475
220 230 163235
230 240 149716
240 250 137898
250 260 126834
260 270 703204
270 280 653773
280 290 1.97554e+06
290 300 1.84924e+06
300 310 5.15752e+06
310 320 4.85279e+06
320 330 6.02404e+06
330 340 5.67919e+06
340 350 3.32936e+06
350 360 3.139e+06
360 370 2.96912e+06
370 380 2.81486e+06
380 390 1.09172e+06
390 400 1.03156e+06
400 410 355560
410 420 336343
420 430 320460
430 440 304824
440 450 291313
450 460 279007
460 470 77320
470 480 73395
480 490 69796
490 500 67832
500 510 64616
510 520 62480
520 530 59676
530 540 57796
540 550 55340
550 560 53572
560 570 51670
570 580 49925
580 590 48222
590 600 46608
600 610 45289
610 620 43769
620 630 42232
630 640 41199
640 650 39621
650 660 38398
660 670 37479
670 680 36405
680 690 35249
690 700 34031
700 710 33008
710 720 32154
720 730 31308
730 740 30455
740 750 29798
750 760 28947
760 770 28422
770 780 27467
780 790 26856
790 800 26251

# Histogram: TotalEnergy
40000 40400 0
40400 40800 0
40800 41200 0
41200 41600 0
41600 42000 0
42000 42400 0
42400 42800 0
42800 43200 0
43200 43600 0
43600 44000 0
44000 44400 0
44400 44800 0
44800 45200 0
45200 45600 0
45600 46000 0
46000 46400 0
46400 46800 0
46800 47200 0
47200 47600 0
47600 48000 0
48000 48400 0
48400 48800 0
48800 49200 0
49200 49600 0
49600 50000 0
50000 50400 0
50400 50800 0
50800 51200 0
51200 51600 0
51600 52000 0
52000 52400 0
52400 52800 0
52800 53200 0
53200 53600 0
53600 54000 0
54000 54400 0
54400 54800 0
54800 55200 0
55200 55600 0
55600 56000 0
56000 56400 0
56400 56800 0
56800 57200 0
57200 57600 0
57600 58000 0
58000 58400 0
58400 58800 0
58800 59200 0
59200 59600 0
59600 60000 0

# Histogram: TotalEnergyTime
40000 40400 0
40400 40800 0
40800 41200 0
41200 41600 0
41600 42000 0
42000 42400 0
42400 42800 0
42800 43200 0
43200 43600 0
43600 44000 0
44000 44400 0
44400 44800 0
44800 45200 0
45200 45600 0
45600 46000 0
46000 46400 0
46400 46800 0
46800 47200 0
47200 47600 0
47600 48000 0
48000 48400 0
48400 48800 0
48800 49200 0
49200 49600 0
49600 50000 0
50000 50400 0
50400 50800 0
50800 51200 0
51200 51600 0
51600 52000 0
52000 52400 0
52400 52800 0
52800 53200 0
53200 53600 0
53600 54000 0
54000 54400 0
54400 54800 0
54800 55200 0
55200 55600 0
55600 56000 0
56000 56400 0
56400 56800 0
56800 57200 0
57200 57600 0
57600 58000 0
58000 58400 0
58400 58800 0
58800 59200 0
59200 59600 0
59600 60000 0

# Histogram: Yield
40000 40400 0
40400 40800 0
40800 41200 0
41200 41600 0
41600 42000 0
42000 42400 0
42400 42800 0
42800 43200 0
43200 43600 0
43600 44000 0
44000 44400 0
44400 44800 0
44800 45200 0
45200 45600 0
45600 46000 0
46000 46400 0
46400 46800 0
46800 47200 0
47200 47600 0
47600 48000 0
48000 48400 0
48400 48800 0
48800 49200 0
49200 49600 0
49600 50000 0
50000 50400 3
50400 50800 110
50800 51200 560
51200 51600 310
51600 52000 17
52000 52400 0
52400 52800 0
52800 53200 0
53200 53600 0
53600 54000 0
54000 54400 0
54400 54800 0
54800 55200 0
55200 55600 0
55600 56000 0
56000 56400 0
56400 56800 0
56800 57200 0
57200 57600 0
57600 58000 0
58000 58400 0
58400 58800 0
58800 59200 0
59200 59600 0
59600 60000 0

